*network revije
% slovenske revije / Cati center, Ljubljana
% leto 1999 + leto 2000 / vsi anketirani
% V. Batagelj, 22.dec 2003
*Vertices  124
  1 "Delo"
  2 "Dnevnik"
  3 "Veèer"
  4 "Slovenske novice"
  5 "Ekipa"
  6 "Delnièar"
  7 "Denar"
  8 "Finance"
  9 "Glas gospodarstva"
 10 "Gospodarski vestnik"
 11 "Kapital"
 12 "Kmeèki glas"
 13 "Kmetovalec"
 14 "Manager"
 15 "Marketing magazin"
 16 "Obrtnik"
 17 "Podjetnik"
 18 "Profit"
 19 "Internet"
 20 "Joker"
 21 "Moj mikro"
 22 "Monitor"
 23 "Pc gamer"
 24 "Pc in mediji"
 25 "Software power"
 26 "Win.ini"
 27 "Delo in dom"
 28 "Jana Ambient"
 29 "Moj dom (Dnevnik)"
 30 "Naš dom"
 31 "Glamur"
 32 "Modna Jana"
 33 "Moda in"
 34 "Pepita"
 35 "7d"
 36 "Družina"
 37 "Mag"
 38 "Mladina"
 39 "Nedeljski dnevnik"
 40 "Nedelo"
 41 "Panorama"
 42 "Sobotna priloga(Delo)"
 43 "Celjski oglasnik"
 44 "Grafiti"
 45 "Grosupeljski odmevi"
 46 "Kam"
 47 "Kamniški obèan"
 48 "Kranjèanka"
 49 "Krog-MK"
 50 "Ljubljana"
 51 "Naš èasopis"
 52 "Obèinski glas"
 53 "Prestop"
 54 "Savinjèan"
 55 "Svet knjige"
 56 "Avtomagazin"
 57 "Avtomoto"
 58 "E šport"
 59 "Grand prix"
 60 "Krila"
 61 "Lovec"
 62 "Motorevija"
 63 "Obramba"
 64 "Radar"
 65 "Ribiè"
 66 "Salomonov oglasnik"
 67 "Val"
 68 "Antena"
 69 "Cool"
 70 "Firbec"
 71 "Pil"
 72 "Smrklja"
 73 "Dolenjski list"
 74 "Gorenjski glas"
 75 "Konjiške novice"
 76 "Naš èas"
 77 "Novi tednik"
 78 "Primorske novice"
 79 "Ptujski tednik"
 80 "Vestnik Murska Sobota"
 81 "Aura"
 82 "Slovenske brazde"
 83 "Demokracija"
 84 "Gasilec"
 85 "Gea"
 86 "Hopla"
 87 "Kaj"
 88 "Kih"
 89 "Misteriji"
 90 "Moj mali svet"
 91 "Moj pes"
 92 "Ognjišèe"
 93 "O konjih"
 94 "Oskar"
 95 "Planinski vestnik"
 96 "Proteus"
 97 "Razvedrilo"
 98 "Salomonov ugankar"
 99 "Svet in ljudje"
100 "Traè"
101 "Vip"
102 "Vzajemnost"
103 "Življenje in tehnika"
104 "Ciciban"
105 "Ljubezenske zgodbe"
106 "Lord"
107 "Mama"
108 "Moja skrivnost"
109 "Moj malèek"
110 "Tajnica"
111 "Viva"
112 "Zdravje"
113 "Pilot"
114 "Stop"
115 "Tv veèer"
116 "Vikend magazin"
117 "Zaslon"
118 "Anja"
119 "Jana"
120 "Lady"
121 "Naša žena"
122 "Ona"
123 "Otrok in družina"
124 "Moj otrok"
*Matrix
20714 3219 1784 4214 376 2078 128 1274 357 2061 415 331 26 340 106 677 366 99 36 373 638 1007 146 484 77 309 7208 167 406 199 325 147 53 385 375 571 2241 2576 2623 345 34 5923 31 14 14 19 41 70 13 1 38 16 33 17 16 782 179 77 41 49 81 211 236 45 21 345 84 561 69 54 250 624 247 430 27 57 233 1099 51 195 155 13 111 22 788 316 74 157 57 210 17 485 46 53 39 51 129 75 234 20 88 241 681 97 18 66 226 27 206 58 851 737 1832 1801 343 7428 77 474 6211 2636 1166 6254 340 17
3219 15992 552 3642 275 1028 45 463 145 747 164 355 14 112 32 479 170 40 23 292 280 374 95 288 49 145 2313 63 1427 105 174 66 33 190 129 365 1089 1066 3977 167 11 1646 14 17 19 14 49 43 9 1 35 28 21 9 6 528 130 51 36 23 52 142 172 23 28 336 37 658 56 59 206 567 186 448 13 26 111 376 20 34 86 15 48 30 363 657 69 96 57 141 11 366 29 23 23 20 155 111 82 26 19 253 306 59 29 71 167 32 167 25 520 501 4405 1388 125 2313 42 462 5119 2727 909 2106 212 11
1784 552 18933 2807 433 1287 44 284 120 655 210 658 47 64 15 524 126 80 13 196 284 337 224 268 73 206 1105 42 139 274 77 47 15 146 2429 283 687 733 2120 97 94 1134 44 0 1 1 1 4 5 0 1 14 0 22 10 457 168 46 14 28 91 158 121 16 35 383 18 668 146 91 239 745 12 19 113 53 262 27 596 597 48 31 39 22 294 401 437 79 36 136 14 299 23 14 13 10 222 106 57 99 8 240 275 68 39 75 137 47 139 25 402 470 1030 1821 5040 1207 5 722 5029 4155 794 1209 201 18
4214 3642 2807 31997 558 2094 49 324 163 665 152 1242 57 69 21 969 158 59 20 460 355 406 225 475 148 195 7300 69 647 194 222 106 48 235 519 564 1339 872 5534 325 20 1368 96 37 20 28 58 84 11 3 54 29 42 52 10 1032 238 77 68 36 139 214 252 37 46 911 43 1662 255 140 405 1577 959 838 97 163 744 1267 199 477 95 42 62 40 384 996 259 125 81 213 22 705 48 37 22 14 317 186 70 121 38 303 387 97 81 113 317 91 240 31 728 684 3380 2749 579 9128 109 1251 9412 6953 1337 7503 249 28
376 275 433 558 1933 104 3 38 7 52 14 12 2 7 2 36 14 7 1 91 28 41 51 46 21 16 193 1 40 6 8 9 0 7 70 13 113 119 262 16 1 146 2 2 0 0 3 4 1 0 1 4 4 3 0 91 24 45 8 3 6 18 15 1 6 48 1 96 17 7 30 85 19 20 3 9 33 99 13 54 0 2 4 0 22 59 13 6 2 6 0 14 3 2 1 1 15 6 7 9 1 8 37 1 4 1 7 3 10 1 20 18 248 176 140 439 17 29 271 247 17 163 6 0
2078 1028 1287 2094 104 6025 37 293 73 410 97 154 12 50 8 194 60 53 12 64 121 164 33 82 19 47 1525 42 182 73 79 38 9 83 269 186 461 453 1336 101 5 904 26 12 3 11 16 31 4 1 13 6 16 4 4 199 62 24 6 6 38 77 62 14 11 132 18 152 12 18 40 125 113 144 21 32 102 332 37 135 42 9 34 8 157 204 39 54 15 69 7 204 7 9 16 13 85 46 47 25 29 111 114 33 7 27 71 16 76 14 216 243 790 542 323 1532 35 326 1967 1030 346 1569 99 5
128 45 44 49 3 37 212 64 11 70 25 0 0 6 0 28 10 1 0 0 4 8 0 0 0 4 93 0 7 4 8 6 2 6 12 6 30 24 26 5 0 46 0 0 0 0 0 0 0 0 0 0 0 0 0 3 0 0 0 0 0 2 1 0 0 0 0 6 0 0 1 3 1 4 0 0 4 8 3 1 3 0 0 0 5 2 2 3 0 4 0 7 0 0 2 0 0 0 1 0 0 3 3 4 0 2 2 1 2 5 13 10 21 22 12 70 1 8 99 48 20 79 1 1
1274 463 284 324 38 293 64 1820 84 765 200 19 2 109 20 119 96 51 0 10 49 66 5 30 3 13 725 25 48 20 44 17 6 43 40 44 284 292 259 29 4 571 2 1 5 1 6 5 2 0 3 1 2 7 1 77 24 6 0 2 5 16 24 2 1 29 7 26 2 2 10 15 22 40 2 2 21 84 2 9 10 2 21 1 51 33 7 12 5 18 1 30 1 2 4 2 6 1 22 6 5 11 39 4 1 9 24 0 17 15 91 61 176 166 70 598 6 52 598 255 98 614 20 1
357 145 120 163 7 73 11 84 678 125 26 13 1 26 1 148 55 6 0 5 13 30 1 10 4 10 224 10 17 8 13 8 2 16 21 17 70 74 111 10 2 162 3 2 1 0 2 3 0 0 0 1 0 5 1 19 3 1 6 2 4 12 1 1 0 17 4 16 2 1 5 7 4 21 0 3 12 43 3 3 6 1 6 0 15 9 4 3 5 8 1 12 1 0 1 2 2 0 5 2 2 4 23 4 2 4 10 2 9 4 29 27 65 47 30 201 5 15 201 107 32 198 13 0
2061 747 655 665 52 410 70 765 125 3347 206 52 1 235 40 265 181 50 6 17 117 163 9 60 6 30 1162 35 107 43 54 29 10 81 130 65 457 455 469 57 9 931 7 3 6 3 6 9 3 0 8 1 2 3 2 128 36 9 7 10 18 41 33 3 4 56 19 72 2 3 25 34 44 81 5 9 37 161 15 26 19 5 25 6 105 51 19 22 9 26 4 66 4 5 5 6 14 11 30 7 14 20 72 19 6 13 41 3 25 40 161 138 358 302 166 1001 14 99 1125 467 159 961 50 2
415 164 210 152 14 97 25 200 26 206 721 6 0 37 9 60 44 19 1 3 19 35 4 10 3 14 235 9 21 14 18 4 2 29 40 10 112 112 69 7 0 188 0 0 0 0 2 2 0 0 2 1 0 0 0 41 11 4 3 1 1 11 5 2 0 18 8 13 0 0 2 8 7 20 1 1 5 27 3 3 7 1 5 2 21 11 4 2 3 5 0 7 0 0 0 0 3 1 7 2 4 6 15 3 0 2 12 1 13 0 44 26 62 60 56 195 2 20 203 112 33 186 6 2
331 355 658 1242 12 154 0 19 13 52 6 4237 118 3 1 64 6 11 1 6 12 10 2 9 5 6 285 2 41 12 0 3 1 6 90 599 81 38 765 15 12 129 5 0 5 0 10 6 0 0 13 6 5 0 1 31 18 5 1 2 43 14 24 2 1 99 0 94 9 15 34 29 207 156 31 33 169 121 85 103 4 82 15 22 37 49 17 5 2 83 0 454 25 0 5 1 10 8 1 0 1 58 47 21 6 5 22 4 21 1 33 67 299 133 165 313 3 37 713 407 205 227 25 4
26 14 47 57 2 12 0 2 1 1 0 118 203 0 0 4 1 0 0 2 3 0 0 0 0 1 27 1 0 2 0 0 0 0 4 32 10 3 27 1 0 15 0 0 0 0 0 0 0 0 0 0 0 0 0 5 1 1 0 0 6 1 2 0 0 4 0 0 0 0 2 0 16 12 1 1 10 3 6 8 0 14 0 3 3 2 0 0 0 11 0 32 2 0 0 1 0 0 2 0 2 3 6 1 0 0 3 0 2 0 0 3 16 4 9 18 1 3 39 16 5 18 3 0
340 112 64 69 7 50 6 109 26 235 37 3 0 459 12 21 55 9 0 5 23 33 0 10 3 7 191 5 22 7 12 6 0 18 17 9 74 69 47 5 1 168 1 1 0 0 1 3 0 0 1 0 0 0 1 18 5 2 1 0 1 5 5 0 0 4 7 7 1 0 3 5 4 8 0 1 6 13 1 6 3 0 1 1 14 9 1 5 1 3 1 7 0 1 0 1 2 1 3 0 2 1 12 2 1 1 9 0 5 13 31 22 33 51 10 180 0 7 144 47 23 140 4 0
106 32 15 21 2 8 0 20 1 40 9 1 0 12 139 3 12 3 1 2 8 13 1 2 0 0 64 4 4 3 5 1 0 4 2 0 20 34 10 4 0 51 0 0 0 1 1 1 0 0 1 0 0 0 0 9 1 0 1 0 0 3 0 0 0 2 1 0 0 0 0 0 2 4 0 1 0 5 0 2 2 0 2 0 4 1 0 2 0 1 0 0 0 4 0 0 1 1 4 0 2 1 4 0 0 1 2 0 2 0 11 2 15 19 7 62 0 2 39 12 4 58 1 0
677 479 524 969 36 194 28 119 148 265 60 64 4 21 3 2542 142 20 1 8 22 42 7 35 1 22 568 15 84 30 22 22 4 49 86 80 204 109 470 38 5 278 5 7 0 7 5 7 1 0 4 4 1 2 3 117 35 6 6 1 25 41 24 0 5 119 10 88 9 6 12 50 56 71 9 3 60 190 16 30 12 5 11 3 50 56 22 13 10 32 1 75 7 1 4 2 18 13 12 8 3 18 50 14 11 7 36 4 30 10 95 74 310 231 151 503 22 80 839 476 124 465 32 2
366 170 126 158 14 60 10 96 55 181 44 6 1 55 12 142 673 8 1 4 23 39 2 4 2 10 236 8 25 11 12 9 3 26 23 10 103 74 75 7 1 168 0 1 0 0 1 2 0 0 1 1 1 1 0 42 9 2 5 2 3 14 6 1 1 14 6 22 1 1 1 8 3 21 0 1 13 22 2 6 6 1 4 1 19 5 6 3 3 5 0 8 0 2 1 1 0 2 5 3 1 1 21 2 1 4 20 0 12 7 46 34 63 51 35 204 1 12 204 101 32 196 8 0
99 40 80 59 7 53 1 51 6 50 19 11 0 9 3 20 8 250 0 4 1 7 2 5 0 1 64 2 8 2 1 2 0 3 12 11 26 20 47 5 0 44 1 0 0 0 0 2 0 0 0 0 0 0 1 13 5 1 0 0 1 3 2 0 0 11 2 6 0 1 2 2 10 4 0 2 4 13 2 3 1 0 1 0 4 2 2 1 1 5 0 7 0 1 0 1 3 0 0 1 1 3 3 3 0 1 2 1 1 1 11 7 34 19 18 56 0 8 75 47 19 48 3 1
36 23 13 20 1 12 0 0 0 6 1 1 0 0 1 1 1 0 78 12 10 12 5 18 4 1 15 1 2 0 1 0 0 1 0 2 14 9 16 3 0 12 0 0 0 0 0 0 0 0 0 1 0 0 0 1 2 0 1 0 0 1 0 0 0 3 0 4 1 0 1 4 1 2 0 0 0 1 0 0 0 0 0 0 0 3 1 0 0 0 0 2 0 3 0 0 1 3 1 0 0 0 2 0 0 0 0 0 1 0 1 3 13 12 2 27 1 1 18 11 1 15 0 1
373 292 196 460 91 64 0 10 5 17 3 6 2 5 2 8 4 4 12 1348 110 192 183 245 69 85 179 2 13 6 6 4 0 8 28 2 77 91 163 6 0 90 0 1 1 1 3 5 0 0 3 0 2 0 1 82 16 7 7 7 2 9 24 3 0 40 3 70 16 11 52 96 5 13 2 6 11 44 0 7 3 1 1 0 35 41 1 6 3 3 0 9 2 10 0 2 7 3 9 2 1 2 54 0 0 3 4 0 3 0 17 8 294 146 73 462 9 14 151 109 9 142 4 1
638 280 284 355 28 121 4 49 13 117 19 12 3 23 8 22 23 1 10 110 1301 331 44 117 18 103 339 8 50 24 8 5 5 19 47 13 101 143 194 18 2 269 3 1 1 3 4 5 0 0 5 2 1 3 1 117 28 5 4 7 7 14 37 8 0 38 6 31 0 2 13 15 18 16 3 4 12 47 5 9 7 1 3 1 41 21 7 11 5 18 1 20 0 4 3 2 5 6 15 3 2 4 88 3 1 3 10 4 8 2 44 32 165 137 72 364 8 32 251 123 35 223 17 1
1007 374 337 406 41 164 8 66 30 163 35 10 0 33 13 42 39 7 12 192 331 1862 74 294 38 248 507 14 37 23 25 6 2 18 48 26 180 269 210 12 0 453 1 3 0 0 5 4 0 0 5 3 5 2 1 117 22 9 6 6 2 29 37 6 0 38 13 40 9 10 23 29 9 36 1 4 15 72 1 11 12 0 3 1 56 17 4 8 1 14 2 28 3 8 1 6 7 8 21 0 6 4 146 8 0 4 15 4 13 2 51 40 275 147 90 617 9 22 286 115 41 331 19 1
146 95 224 225 51 33 0 5 1 9 4 2 0 0 1 7 2 2 5 183 44 74 727 129 73 60 65 2 10 1 3 0 0 4 29 6 32 27 72 0 1 41 5 0 0 0 1 2 0 0 2 1 0 3 0 35 11 5 2 4 0 5 8 0 0 16 2 28 6 13 60 31 7 1 5 3 12 22 4 9 3 0 1 0 20 14 3 3 5 2 0 3 0 4 0 1 6 4 4 4 2 1 16 0 0 2 0 2 3 0 6 11 142 63 86 160 4 11 84 62 7 55 3 0
484 288 268 475 46 82 0 30 10 60 10 9 0 10 2 35 4 5 18 245 117 294 129 1464 97 172 286 5 27 10 15 5 3 11 48 11 101 148 190 7 1 175 1 0 1 0 2 4 0 0 1 3 3 1 1 88 20 5 5 6 1 15 24 3 2 36 3 67 17 18 50 91 13 24 4 4 23 61 3 10 7 0 2 0 46 36 5 4 8 7 3 21 3 11 0 4 10 5 9 2 3 2 61 4 0 4 7 0 6 0 25 24 270 154 100 467 9 21 208 152 38 199 8 0
77 49 73 148 21 19 0 3 4 6 3 5 0 3 0 1 2 0 4 69 18 38 73 97 360 47 49 0 3 2 0 0 1 1 18 2 15 14 39 0 0 28 0 0 2 0 1 1 0 0 1 0 4 1 1 23 5 2 1 3 0 4 4 1 0 8 1 13 11 6 23 23 2 5 1 1 6 10 0 1 1 0 0 0 13 9 1 1 1 2 0 5 0 1 0 0 3 5 5 3 2 0 6 0 0 1 1 2 1 0 1 4 63 26 21 110 3 9 47 38 5 49 0 0
309 145 206 195 16 47 4 13 10 30 14 6 1 7 0 22 10 1 1 85 103 248 60 172 47 763 170 1 10 14 7 3 2 4 38 7 60 68 100 9 1 115 2 0 1 1 0 1 0 0 3 1 1 1 0 45 12 3 0 2 0 11 15 1 0 21 5 23 1 5 12 20 9 9 0 5 7 29 3 8 3 0 2 1 36 11 5 7 2 6 2 11 1 2 1 2 2 3 8 4 2 1 45 2 0 4 6 0 5 2 13 13 107 83 56 206 4 6 115 64 17 95 11 1
7208 2313 1105 7300 193 1525 93 725 224 1162 235 285 27 191 64 568 236 64 15 179 339 507 65 286 49 170 14606 128 161 173 197 97 30 241 221 329 1193 1200 2213 273 16 2185 36 21 11 16 38 49 10 3 32 17 19 23 9 512 103 38 29 33 55 136 135 29 18 283 51 439 64 41 144 451 282 339 22 56 245 634 58 135 99 9 53 11 464 353 62 101 49 186 15 336 32 27 19 20 128 77 124 37 67 190 377 68 14 76 223 25 200 50 649 574 1134 1173 165 6713 43 646 5135 2694 981 6540 248 10
167 63 42 69 1 42 0 25 10 35 9 2 1 5 4 15 8 2 1 2 8 14 2 5 0 1 128 298 7 23 20 30 7 25 5 3 22 29 29 4 0 67 0 0 1 0 0 3 0 0 1 1 0 1 2 21 3 0 0 0 0 1 1 0 0 2 3 4 0 1 0 11 2 1 0 0 4 9 1 0 3 0 0 0 10 10 1 1 1 4 2 3 5 3 0 0 0 0 8 0 2 1 10 14 0 2 4 0 8 0 29 16 34 34 15 98 1 25 122 67 21 130 6 0
406 1427 139 647 40 182 7 48 17 107 21 41 0 22 4 84 25 8 2 13 50 37 10 27 3 10 161 7 2191 22 27 11 7 31 43 47 130 135 614 27 2 129 6 2 3 1 13 6 2 0 11 1 3 2 1 71 12 4 1 4 8 29 24 1 3 53 3 45 2 5 18 46 31 47 2 2 24 59 9 22 12 0 10 6 65 94 15 15 6 43 1 67 5 4 6 4 26 16 14 3 4 64 42 11 6 8 25 6 24 2 90 82 679 160 29 347 4 101 859 451 188 439 47 7
199 105 274 194 6 73 4 20 8 43 14 12 2 7 3 30 11 2 0 6 24 23 1 10 2 14 173 23 22 692 3 3 0 10 55 12 21 27 100 5 0 88 1 1 0 0 1 1 2 0 2 0 0 1 2 27 8 1 2 2 2 11 8 1 0 9 1 17 0 4 8 10 4 9 1 5 13 24 9 6 8 0 1 1 26 8 12 6 2 28 1 16 4 1 1 2 4 2 6 1 9 8 29 6 0 4 15 3 12 2 30 37 60 38 92 130 6 27 245 114 82 119 25 0
325 174 77 222 8 79 8 44 13 54 18 0 0 12 5 22 12 1 1 6 8 25 3 15 0 7 197 20 27 3 639 72 33 169 14 2 53 71 69 10 1 125 1 1 1 1 3 3 1 0 2 2 0 0 0 7 5 4 1 0 0 2 1 1 0 12 2 24 5 1 7 36 0 5 0 2 2 9 2 1 7 0 0 0 19 8 4 3 3 5 1 4 1 5 0 0 5 1 10 1 5 2 8 2 1 4 12 0 10 5 75 28 96 69 21 249 1 29 284 133 28 287 9 1
147 66 47 106 9 38 6 17 8 29 4 3 0 6 1 22 9 2 0 4 5 6 0 5 0 3 97 30 11 3 72 318 12 53 6 6 26 27 36 6 0 45 2 0 2 0 2 1 0 0 0 3 0 3 0 6 4 1 0 1 0 2 0 1 1 5 0 15 2 0 5 25 2 4 0 4 5 9 1 4 5 0 0 0 9 11 1 2 0 5 1 3 2 1 0 0 2 2 5 4 8 3 4 2 1 5 7 2 6 3 32 20 46 45 11 106 0 30 162 97 19 160 3 0
53 33 15 48 0 9 2 6 2 10 2 1 0 0 0 4 3 0 0 0 5 2 0 3 1 2 30 7 7 0 33 12 124 25 4 0 8 5 15 2 0 12 0 0 1 0 0 0 0 0 0 1 0 1 0 4 3 1 0 0 0 0 0 1 0 2 1 6 1 0 0 6 0 1 0 1 2 4 0 0 0 0 0 0 6 1 0 1 0 0 0 0 0 2 0 0 1 0 4 1 0 0 3 1 2 0 1 0 0 1 13 7 18 13 6 45 0 4 52 23 6 48 2 1
385 190 146 235 7 83 6 43 16 81 29 6 0 18 4 49 26 3 1 8 19 18 4 11 1 4 241 25 31 10 169 53 25 760 29 6 62 55 76 16 2 144 3 2 0 0 1 4 0 0 3 0 0 2 3 14 3 4 1 0 1 7 2 1 0 9 2 22 4 4 6 27 5 6 1 2 5 17 4 3 11 0 1 0 29 7 6 6 4 10 0 9 1 3 1 0 6 3 11 2 1 10 19 3 1 7 10 0 16 9 146 66 96 68 41 229 5 44 383 158 66 304 23 3
375 129 2429 519 70 269 12 40 21 130 40 90 4 17 2 86 23 12 0 28 47 48 29 48 18 38 221 5 43 55 14 6 4 29 3034 34 155 144 361 28 15 221 6 0 0 0 0 1 1 1 0 2 0 2 2 50 25 7 1 4 9 30 15 4 1 54 2 93 13 18 30 76 2 7 7 5 22 8 66 36 13 3 5 5 48 68 119 16 10 20 4 42 2 0 1 2 32 19 8 16 3 40 54 8 8 16 15 3 13 4 71 95 161 311 775 238 2 101 953 676 125 254 29 2
571 365 283 564 13 186 6 44 17 65 10 599 32 9 0 80 10 11 2 2 13 26 6 11 2 7 329 3 47 12 2 6 0 6 34 2684 238 55 543 22 5 245 7 0 5 2 8 7 2 0 3 0 1 3 4 26 11 1 5 0 17 17 14 4 3 17 0 33 4 8 27 18 119 132 19 21 75 146 56 68 9 42 89 15 56 30 6 9 5 47 0 1229 8 1 10 4 11 6 6 2 2 64 43 27 3 4 21 2 16 1 25 88 223 62 68 289 16 41 551 214 184 263 61 7
2241 1089 687 1339 113 461 30 284 70 457 112 81 10 74 20 204 103 26 14 77 101 180 32 101 15 60 1193 22 130 21 53 26 8 62 155 238 4442 1157 523 57 5 1083 6 0 4 4 9 8 1 0 2 6 2 6 3 170 26 14 5 6 10 39 83 13 4 67 9 130 7 5 29 48 39 93 6 7 40 187 10 18 26 2 115 3 99 102 34 28 15 31 2 149 8 10 6 5 15 8 29 6 16 27 118 13 0 9 32 6 31 4 123 106 514 423 197 1281 13 71 1225 521 145 1011 31 1
2576 1066 733 872 119 453 24 292 74 455 112 38 3 69 34 109 74 20 9 91 143 269 27 148 14 68 1200 29 135 27 71 27 5 55 144 55 1157 4196 480 58 14 1365 4 4 3 4 14 17 4 0 3 6 5 8 2 125 24 13 2 14 13 24 76 18 3 34 17 103 5 3 20 60 25 53 4 4 21 169 11 27 18 1 21 0 135 60 13 26 5 24 3 31 5 26 7 10 15 7 65 4 14 20 120 17 2 6 20 3 20 4 116 80 477 334 187 1344 21 54 954 333 113 1165 46 1
2623 3977 2120 5534 262 1336 26 259 111 469 69 765 27 47 10 470 75 47 16 163 194 210 72 190 39 100 2213 29 614 100 69 36 15 76 361 543 523 480 16596 226 22 1016 46 16 16 18 47 35 7 2 35 27 24 18 6 300 95 35 19 15 97 105 113 17 22 285 10 492 70 59 136 407 493 622 54 104 427 737 142 193 59 26 43 23 200 653 101 91 42 180 9 598 17 21 14 8 203 115 35 23 16 402 223 43 30 64 139 42 124 10 344 445 5181 937 506 2150 42 523 4790 2786 896 2116 164 11
345 167 97 325 16 101 5 29 10 57 7 15 1 5 4 38 7 5 3 6 18 12 0 7 0 9 273 4 27 5 10 6 2 16 28 22 57 58 226 762 1 168 1 0 0 2 2 3 0 0 1 2 1 2 0 22 7 2 0 1 2 7 5 1 2 10 2 21 0 3 6 28 16 26 0 2 8 61 4 19 5 0 1 2 26 34 2 11 6 10 1 11 0 1 1 2 13 12 4 1 3 17 11 5 3 6 4 0 6 0 23 22 104 69 21 285 6 24 240 120 43 252 8 1
34 11 94 20 1 5 0 4 2 9 0 12 0 1 0 5 1 0 0 0 2 0 1 1 0 1 16 0 2 0 1 0 0 2 15 5 5 14 22 1 149 23 0 0 0 0 0 0 0 0 0 0 0 0 0 3 1 0 0 0 0 2 0 1 1 2 0 4 0 0 2 2 1 2 6 0 1 5 1 0 1 0 1 0 4 1 1 1 0 0 0 3 0 0 0 0 1 1 1 0 1 5 1 0 0 0 1 1 1 0 1 3 10 11 24 13 0 5 39 25 5 16 2 0
5923 1646 1134 1368 146 904 46 571 162 931 188 129 15 168 51 278 168 44 12 90 269 453 41 175 28 115 2185 67 129 88 125 45 12 144 221 245 1083 1365 1016 168 23 7976 13 6 3 5 16 26 6 1 12 11 9 4 5 308 84 27 8 24 34 83 107 20 5 112 41 141 15 19 53 99 79 175 7 27 60 446 25 62 65 9 63 10 344 127 37 79 20 103 5 183 8 19 20 23 55 35 93 8 34 113 325 39 3 21 81 4 84 12 318 293 365 659 176 2089 28 152 2250 878 416 1809 152 6
31 14 44 96 2 26 0 2 3 7 0 5 0 1 0 5 0 1 0 0 3 1 5 1 0 2 36 0 6 1 1 2 0 3 6 7 6 4 46 1 0 13 196 0 0 0 0 0 0 1 0 0 0 7 0 2 1 0 1 0 0 0 0 0 0 12 0 6 3 0 3 6 0 0 2 4 58 0 0 0 1 0 1 0 7 6 1 3 2 1 0 8 0 0 0 0 2 3 1 0 1 3 2 0 0 3 3 5 2 0 3 4 22 18 6 45 0 18 61 40 10 52 0 0
14 17 0 37 2 12 0 1 2 3 0 0 0 1 0 7 1 0 0 1 1 3 0 0 0 0 21 0 2 1 1 0 0 2 0 0 0 4 16 0 0 6 0 72 0 0 0 2 0 0 0 0 0 0 0 2 1 0 0 0 0 2 0 0 0 3 0 3 0 0 1 2 0 10 0 0 0 0 0 0 1 0 0 0 3 2 0 1 1 0 0 2 0 0 0 0 0 1 1 0 1 1 0 1 0 0 3 0 2 0 3 1 10 8 0 21 0 9 12 12 3 24 0 0
14 19 1 20 0 3 0 5 1 6 0 5 0 0 0 0 0 0 0 1 1 0 0 1 2 1 11 1 3 0 1 2 1 0 0 5 4 3 16 0 0 3 0 0 48 0 0 0 0 0 0 0 0 0 0 1 1 0 0 0 0 1 1 0 0 1 0 4 1 0 0 2 1 0 0 0 0 0 0 0 0 1 1 0 1 1 0 0 0 0 0 4 0 0 0 0 0 0 0 0 1 0 0 0 0 0 1 0 0 0 3 3 13 2 1 17 0 6 18 9 2 17 0 0
19 14 1 28 0 11 0 1 0 3 0 0 0 0 1 7 0 0 0 1 3 0 0 0 0 1 16 0 1 0 1 0 0 0 0 2 4 4 18 2 0 5 0 0 0 59 3 0 0 0 0 0 0 0 0 2 0 0 0 0 0 0 1 0 0 1 1 1 1 0 3 3 3 0 0 0 0 0 0 0 0 0 1 0 0 9 0 0 0 1 0 1 1 0 0 0 3 2 0 3 2 0 1 2 0 1 1 1 1 0 3 1 7 3 0 13 0 10 20 10 1 21 1 0
41 49 1 58 3 16 0 6 2 6 2 10 0 1 1 5 1 0 0 3 4 5 1 2 1 0 38 0 13 1 3 2 0 1 0 8 9 14 47 2 0 16 0 0 0 3 140 0 0 0 0 0 0 0 0 3 2 2 0 0 0 0 1 0 0 6 0 1 0 0 2 5 0 0 0 0 0 0 0 0 1 0 1 0 3 7 0 2 1 2 0 9 0 0 0 0 5 1 3 0 0 1 1 1 1 0 4 1 2 2 3 4 23 10 0 43 0 9 48 30 8 42 3 0
70 43 4 84 4 31 0 5 3 9 2 6 0 3 1 7 2 2 0 5 5 4 2 4 1 1 49 3 6 1 3 1 0 4 1 7 8 17 35 3 0 26 0 2 0 0 0 205 0 0 0 0 0 0 2 7 3 0 3 1 0 0 1 0 0 5 1 9 2 0 5 15 0 54 2 0 2 0 0 0 4 0 1 0 12 8 0 3 1 1 1 6 3 0 1 0 7 0 3 1 1 8 3 1 1 1 2 0 2 1 5 1 28 19 0 51 0 16 51 34 15 75 2 0
13 9 5 11 1 4 0 2 0 3 0 0 0 0 0 1 0 0 0 0 0 0 0 0 0 0 10 0 2 2 1 0 0 0 1 2 1 4 7 0 0 6 0 0 0 0 0 0 41 0 0 0 0 0 5 2 0 0 0 0 1 0 1 0 0 3 0 0 1 0 1 2 1 1 0 1 1 3 0 0 0 0 0 0 4 1 0 0 0 1 0 2 0 0 0 0 0 0 0 0 0 0 2 0 0 0 2 0 1 0 2 1 7 3 1 13 0 6 14 9 6 14 1 0
1 1 0 3 0 1 0 0 0 0 0 0 0 0 0 0 0 0 0 0 0 0 0 0 0 0 3 0 0 0 0 0 0 0 1 0 0 0 2 0 0 1 1 0 0 0 0 0 0 7 0 0 0 0 0 0 0 1 0 0 0 0 0 0 0 0 0 0 0 0 0 0 1 0 0 0 0 1 0 0 0 0 0 0 0 0 0 0 0 0 0 0 0 0 0 0 0 0 0 0 0 1 0 0 0 0 0 0 0 0 0 1 3 3 0 0 0 0 4 0 1 0 0 0
38 35 1 54 1 13 0 3 0 8 2 13 0 1 1 4 1 0 0 3 5 5 2 1 1 3 32 1 11 2 2 0 0 3 0 3 2 3 35 1 0 12 0 0 0 0 0 0 0 0 114 0 0 0 0 6 4 0 0 0 0 0 1 0 0 6 0 4 0 0 1 1 0 0 0 0 0 0 0 0 0 0 0 1 3 6 0 0 0 0 0 5 1 0 0 0 0 1 1 0 0 1 1 2 1 0 2 0 3 0 7 6 23 10 0 23 0 9 41 22 8 41 2 0
16 28 14 29 4 6 0 1 1 1 1 6 0 0 0 4 1 0 1 0 2 3 1 3 0 1 17 1 1 0 2 3 1 0 2 0 6 6 27 2 0 11 0 0 0 0 0 0 0 0 0 95 0 0 0 4 1 1 0 1 1 0 3 1 1 1 0 1 0 0 3 3 3 2 0 2 2 4 1 2 0 0 0 0 1 2 1 0 0 1 1 2 0 0 0 0 4 2 1 0 0 0 2 0 0 0 0 1 0 0 0 1 14 5 1 12 0 8 29 21 1 16 1 0
33 21 0 42 4 16 0 2 0 2 0 5 0 0 0 1 1 0 0 2 1 5 0 3 4 1 19 0 3 0 0 0 0 0 0 1 2 5 24 1 0 9 0 0 0 0 0 0 0 0 0 0 92 0 0 0 1 0 0 0 5 0 0 0 0 3 0 7 0 0 1 5 0 0 0 0 0 18 0 0 1 0 0 3 4 2 0 0 0 0 0 3 0 0 0 0 0 0 0 0 0 0 1 3 0 0 3 0 1 0 0 1 10 10 0 24 1 7 32 20 3 27 3 2
17 9 22 52 3 4 0 7 5 3 0 0 0 0 0 2 1 0 0 0 3 2 3 1 1 1 23 1 2 1 0 3 1 2 2 3 6 8 18 2 0 4 7 0 0 0 0 0 0 0 0 0 0 102 0 1 1 0 0 0 1 0 0 0 3 5 0 2 3 0 0 7 0 0 0 3 18 0 0 0 0 1 1 0 1 2 0 0 0 3 1 5 0 0 0 0 2 1 1 0 0 1 3 1 0 0 1 0 0 0 3 2 8 10 1 24 0 7 32 16 2 21 1 0
16 6 10 10 0 4 0 1 1 2 0 1 0 1 0 3 0 1 0 1 1 1 0 1 1 0 9 2 1 2 0 0 0 3 2 4 3 2 6 0 0 5 0 0 0 0 0 2 5 0 0 0 0 0 42 1 0 0 0 0 1 0 0 0 0 1 0 0 0 0 2 1 1 0 0 0 1 3 1 1 0 0 0 0 3 1 0 0 0 2 0 5 1 0 0 1 0 0 0 0 0 0 1 0 0 0 0 0 0 1 2 1 8 7 3 8 0 1 12 9 4 11 2 0
782 528 457 1032 91 199 3 77 19 128 41 31 5 18 9 117 42 13 1 82 117 117 35 88 23 45 512 21 71 27 7 6 4 14 50 26 170 125 300 22 3 308 2 2 1 2 3 7 2 0 6 4 0 1 1 2515 150 20 56 15 8 116 53 12 5 192 24 66 1 8 21 25 19 55 3 10 25 114 11 23 8 1 5 2 38 36 11 9 5 14 4 31 8 4 2 2 17 18 16 1 8 11 104 7 0 5 8 1 10 0 32 30 347 176 149 694 8 32 410 224 44 325 9 2
179 130 168 238 24 62 0 24 3 36 11 18 1 5 1 35 9 5 2 16 28 22 11 20 5 12 103 3 12 8 5 4 3 3 25 11 26 24 95 7 1 84 1 1 1 0 2 3 0 0 4 1 1 1 0 150 647 2 15 3 10 28 12 1 1 53 5 13 1 1 7 8 11 16 1 0 5 47 1 7 3 2 2 1 17 9 3 4 1 4 0 10 3 0 2 0 4 5 9 3 6 13 24 4 1 3 4 0 2 0 11 20 77 34 54 120 3 9 97 57 20 99 4 0
77 51 46 77 45 24 0 6 1 9 4 5 1 2 0 6 2 1 0 7 5 9 5 5 2 3 38 0 4 1 4 1 1 4 7 1 14 13 35 2 0 27 0 0 0 0 2 0 0 1 0 1 0 0 0 20 2 263 0 0 0 3 6 2 0 6 1 8 1 2 5 5 8 2 0 0 1 12 0 3 1 0 0 0 1 4 2 3 1 1 0 1 1 0 0 0 0 2 2 1 1 1 4 0 0 1 2 0 1 0 5 9 45 17 21 51 0 3 22 20 0 23 2 0
41 36 14 68 8 6 0 0 6 7 3 1 0 1 1 6 5 0 1 7 4 6 2 5 1 0 29 0 1 2 1 0 0 1 1 5 5 2 19 0 0 8 1 0 0 0 0 3 0 0 0 0 0 0 0 56 15 0 147 0 1 11 3 0 0 3 0 5 1 1 0 3 2 2 0 0 3 7 1 2 0 0 0 0 4 1 0 0 0 0 0 4 0 0 0 0 1 1 2 0 0 0 6 0 0 0 0 1 0 0 1 0 30 8 7 38 1 0 10 11 2 24 0 1
49 23 28 36 3 6 0 2 2 10 1 2 0 0 0 1 2 0 0 7 7 6 4 6 3 2 33 0 4 2 0 1 0 0 4 0 6 14 15 1 0 24 0 0 0 0 0 1 0 0 0 1 0 0 0 15 3 0 0 121 4 2 38 2 1 7 5 1 0 1 0 1 2 2 0 0 2 2 1 0 0 0 0 1 6 1 0 2 0 2 0 2 0 0 0 2 1 0 1 0 0 1 20 0 0 0 0 0 0 0 1 2 18 3 7 38 0 2 7 3 2 31 1 0
81 52 91 139 6 38 0 5 4 18 1 43 6 1 0 25 3 1 0 2 7 2 0 1 0 0 55 0 8 2 0 0 0 1 9 17 10 13 97 2 0 34 0 0 0 0 0 0 1 0 0 1 5 1 1 8 10 0 1 4 424 5 25 2 21 5 2 8 0 2 7 4 23 13 6 1 6 31 9 9 0 3 0 9 11 3 2 3 0 14 2 25 4 0 4 1 4 1 0 0 1 23 9 4 0 0 0 1 0 1 3 15 37 12 19 43 1 8 70 29 28 36 3 0
211 142 158 214 18 77 2 16 12 41 11 14 1 5 3 41 14 3 1 9 14 29 5 15 4 11 136 1 29 11 2 2 0 7 30 17 39 24 105 7 2 83 0 2 1 0 0 0 0 0 0 0 0 0 0 116 28 3 11 2 5 673 16 2 3 33 5 10 1 0 9 8 11 17 0 1 6 42 8 8 2 0 5 1 18 13 3 6 0 13 0 13 1 2 3 0 4 6 5 0 9 23 20 2 0 4 6 1 4 0 13 31 105 39 58 141 6 13 127 56 31 98 11 0
236 172 121 252 15 62 1 24 1 33 5 24 2 5 0 24 6 2 0 24 37 37 8 24 4 15 135 1 24 8 1 0 0 2 15 14 83 76 113 5 0 107 0 0 1 1 1 1 1 0 1 3 0 0 0 53 12 6 3 38 25 16 653 9 1 22 4 13 0 3 7 3 12 5 0 2 12 28 1 4 1 2 4 2 21 8 5 4 2 11 0 15 1 4 1 1 1 3 4 0 1 12 50 2 0 4 3 0 1 0 6 15 120 27 33 187 2 0 72 37 15 79 8 0
45 23 16 37 1 14 0 2 1 3 2 2 0 0 0 0 1 0 0 3 8 6 0 3 1 1 29 0 1 1 1 1 1 1 4 4 13 18 17 1 1 20 0 0 0 0 0 0 0 0 0 1 0 0 0 12 1 2 0 2 2 2 9 111 0 0 1 1 0 0 1 0 0 0 0 0 1 9 0 4 0 1 0 0 4 3 1 4 0 0 0 4 0 0 1 0 0 0 4 0 0 0 18 0 0 0 0 0 0 0 2 2 9 8 3 22 0 3 20 7 3 27 1 0
21 28 35 46 6 11 0 1 0 4 0 1 0 0 0 5 1 0 0 0 0 0 0 2 0 0 18 0 3 0 0 1 0 0 1 3 4 3 22 2 1 5 0 0 0 0 0 0 0 0 0 1 0 3 0 5 1 0 0 1 21 3 1 0 135 3 0 0 0 0 1 0 5 1 0 1 0 3 2 3 0 0 0 4 2 5 0 0 1 3 0 4 0 0 0 0 0 2 0 0 0 8 0 0 0 0 0 0 0 0 0 4 17 4 10 17 1 2 19 9 5 9 0 0
345 336 383 911 48 132 0 29 17 56 18 99 4 4 2 119 14 11 3 40 38 38 16 36 8 21 283 2 53 9 12 5 2 9 54 17 67 34 285 10 2 112 12 3 1 1 6 5 3 0 6 1 3 5 1 192 53 6 3 7 5 33 22 0 3 1960 9 108 7 3 20 41 51 55 7 13 41 99 15 22 3 0 8 0 13 39 23 10 3 4 2 24 7 3 1 2 51 26 5 3 1 11 30 6 6 5 10 2 10 2 23 17 252 130 111 406 7 33 295 237 43 212 6 0
84 37 18 43 1 18 0 7 4 19 8 0 0 7 1 10 6 2 0 3 6 13 2 3 1 5 51 3 3 1 2 0 1 2 2 0 9 17 10 2 0 41 0 0 0 1 0 1 0 0 0 0 0 0 0 24 5 1 0 5 2 5 4 1 0 9 141 1 0 0 1 1 2 2 0 0 0 6 0 1 0 0 0 0 10 1 0 0 0 0 0 0 2 0 1 0 0 0 4 0 0 0 14 0 0 3 4 0 2 2 3 1 15 7 4 51 2 2 19 8 4 33 1 0
561 658 668 1662 96 152 6 26 16 72 13 94 0 7 0 88 22 6 4 70 31 40 28 67 13 23 439 4 45 17 24 15 6 22 93 33 130 103 492 21 4 141 6 3 4 1 1 9 0 0 4 1 7 2 0 66 13 8 5 1 8 10 13 1 0 108 1 3618 126 29 76 722 56 51 4 16 53 148 29 20 1 2 4 1 38 140 60 17 3 8 0 53 4 9 1 0 28 18 4 24 0 15 29 14 39 11 26 28 21 4 55 41 629 632 233 811 19 83 1180 1048 104 473 20 0
69 56 146 255 17 12 0 2 2 2 0 9 0 1 0 9 1 0 1 16 0 9 6 17 11 1 64 0 2 0 5 2 1 4 13 4 7 5 70 0 0 15 3 0 1 1 0 2 1 0 0 0 0 3 0 1 1 1 1 0 0 1 0 0 0 7 0 126 655 6 52 451 4 3 2 3 10 24 1 2 0 0 1 0 10 23 1 1 1 0 1 4 0 2 0 0 1 1 3 2 1 2 2 3 1 3 0 2 0 0 11 2 127 52 52 148 6 30 104 122 6 122 1 0
54 59 91 140 7 18 0 2 1 3 0 15 0 0 0 6 1 1 0 11 2 10 13 18 6 5 41 1 5 4 1 0 0 4 18 8 5 3 59 3 0 19 0 0 0 0 0 0 0 0 0 0 0 0 0 8 1 2 1 1 2 0 3 0 0 3 0 29 6 493 196 90 10 8 1 3 10 14 4 2 1 0 0 0 42 14 1 0 2 6 0 10 0 0 0 0 3 1 0 0 1 1 7 27 2 2 1 1 0 0 3 6 88 34 34 91 3 7 73 54 6 23 5 0
250 206 239 405 30 40 1 10 5 25 2 34 2 3 0 12 1 2 1 52 13 23 60 50 23 12 144 0 18 8 7 5 0 6 30 27 29 20 136 6 2 53 3 1 0 3 2 5 1 0 1 3 1 0 2 21 7 5 0 0 7 9 7 1 1 20 1 76 52 196 1454 311 16 22 2 5 17 31 10 8 3 1 2 3 226 30 7 4 3 14 1 25 4 0 1 5 20 3 4 0 1 3 24 55 2 13 1 1 1 0 15 13 314 99 80 332 5 26 221 171 39 142 26 0
624 567 745 1577 85 125 3 15 7 34 8 29 0 5 0 50 8 2 4 96 15 29 31 91 23 20 451 11 46 10 36 25 6 27 76 18 48 60 407 28 2 99 6 2 2 3 5 15 2 0 1 3 5 7 1 25 8 5 3 1 4 8 3 0 0 41 1 722 451 90 311 4128 20 48 9 10 51 104 15 25 5 0 1 0 86 115 8 2 4 0 2 29 5 9 0 1 26 10 12 22 0 4 33 9 14 40 4 9 4 1 79 24 876 440 282 1135 19 177 1072 1101 85 763 16 0
247 186 12 959 19 113 1 22 4 44 7 207 16 4 2 56 3 10 1 5 18 9 7 13 2 9 282 2 31 4 0 2 0 5 2 119 39 25 493 16 1 79 0 0 1 3 0 0 1 1 0 3 0 0 1 19 11 8 2 2 23 11 12 0 5 51 2 56 4 10 16 20 1936 3 0 2 2 4 1 3 5 20 6 2 18 23 3 5 2 17 0 113 7 0 2 0 14 1 2 2 1 59 13 9 5 8 17 4 12 2 16 25 194 75 0 286 0 45 419 183 89 238 20 2
430 448 19 838 20 144 4 40 21 81 20 156 12 8 4 71 21 4 2 13 16 36 1 24 5 9 339 1 47 9 5 4 1 6 7 132 93 53 622 26 2 175 0 10 0 0 0 54 1 0 0 2 0 0 0 55 16 2 2 2 13 17 5 0 1 55 2 51 3 8 22 48 3 2327 3 0 1 10 1 1 9 7 14 1 42 57 2 11 3 22 1 135 7 4 6 2 22 7 8 1 7 41 43 10 3 6 20 5 11 4 41 51 296 149 6 404 1 49 476 259 138 313 23 1
27 13 113 97 3 21 0 2 0 5 1 31 1 0 0 9 0 0 0 2 3 1 5 4 1 0 22 0 2 1 0 0 0 1 7 19 6 4 54 0 6 7 2 0 0 0 0 2 0 0 0 0 0 0 0 3 1 0 0 0 6 0 0 0 0 7 0 4 2 1 2 9 0 3 297 2 19 1 1 0 3 0 1 1 2 4 2 3 0 2 1 12 2 0 0 0 6 1 1 0 0 8 5 1 2 0 0 1 1 1 4 4 22 23 23 34 0 10 40 53 8 21 1 1
57 26 53 163 9 32 0 2 3 9 1 33 1 1 1 3 1 2 0 6 4 4 3 4 1 5 56 0 2 5 2 4 1 2 5 21 7 4 104 2 0 27 4 0 0 0 0 0 1 0 0 2 0 3 0 10 0 0 0 0 1 1 2 0 1 13 0 16 3 3 5 10 2 0 2 419 19 1 1 0 1 0 1 0 9 8 4 3 1 4 0 20 0 0 0 1 2 0 1 0 1 14 6 1 0 0 8 1 3 0 5 5 35 26 16 51 1 5 96 56 23 51 3 2
233 111 262 744 33 102 4 21 12 37 5 169 10 6 0 60 13 4 0 11 12 15 12 23 6 7 245 4 24 13 2 5 2 5 22 75 40 21 427 8 1 60 58 0 0 0 0 2 1 0 0 2 0 18 1 25 5 1 3 2 6 6 12 1 0 41 0 53 10 10 17 51 2 1 19 19 1892 5 3 2 4 2 6 3 19 34 18 4 4 22 1 83 0 1 3 1 11 3 2 0 0 34 13 7 6 2 11 11 10 4 19 32 154 118 51 243 1 52 449 320 78 230 20 1
1099 376 27 1267 99 332 8 84 43 161 27 121 3 13 5 190 22 13 1 44 47 72 22 61 10 29 634 9 59 24 9 9 4 17 8 146 187 169 737 61 5 446 0 0 0 0 0 0 3 1 0 4 18 0 3 114 47 12 7 2 31 42 28 9 3 99 6 148 24 14 31 104 4 10 1 1 5 4211 1 5 17 3 13 6 89 69 3 18 14 26 0 160 7 3 4 2 46 14 21 4 4 72 84 15 6 11 39 9 26 1 123 123 300 184 3 642 215 107 1236 487 189 528 51 0
51 20 596 199 13 37 3 2 3 15 3 85 6 1 0 16 2 2 0 0 5 1 4 3 0 3 58 1 9 9 2 1 0 4 66 56 10 11 142 4 1 25 0 0 0 0 0 0 0 0 0 1 0 0 1 11 1 0 1 1 9 8 1 0 2 15 0 29 1 4 10 15 1 1 1 1 3 1 1034 8 1 1 1 1 5 5 8 2 0 11 0 39 0 3 2 0 12 4 1 1 0 31 7 3 1 1 6 1 5 0 15 10 33 76 154 64 2 21 189 175 32 58 5 0
195 34 597 477 54 135 1 9 3 26 3 103 8 6 2 30 6 3 0 7 9 11 9 10 1 8 135 0 22 6 1 4 0 3 36 68 18 27 193 19 0 62 0 0 0 0 0 0 0 0 0 2 0 0 1 23 7 3 2 0 9 8 4 4 3 22 1 20 2 2 8 25 3 1 0 0 2 5 8 1617 3 11 6 0 10 13 10 7 1 17 0 71 1 0 1 1 16 7 1 4 1 26 12 3 3 1 3 2 3 0 12 30 71 154 109 165 0 52 250 235 62 128 16 1
155 86 48 95 0 42 3 10 6 19 7 4 0 3 2 12 6 1 0 3 7 12 3 7 1 3 99 3 12 8 7 5 0 11 13 9 26 18 59 5 1 65 1 1 0 0 1 4 0 0 0 0 1 0 0 8 3 1 0 0 0 2 1 0 0 3 0 1 0 1 3 5 5 9 3 1 4 17 1 3 376 0 5 0 21 4 1 1 59 7 1 4 1 2 1 0 2 1 3 0 2 8 14 2 1 3 3 2 7 0 42 49 53 22 15 73 4 8 115 33 27 96 11 0
13 15 31 42 2 9 0 2 1 5 1 82 14 0 0 5 1 0 0 1 1 0 0 0 0 0 9 0 0 0 0 0 0 0 3 42 2 1 26 0 0 9 0 0 1 0 0 0 0 0 0 0 0 1 0 1 2 0 0 0 3 0 2 1 0 0 0 2 0 0 1 0 20 7 0 0 2 3 1 11 0 156 1 2 0 1 1 0 0 1 0 35 0 0 0 0 0 0 0 0 0 3 3 0 0 0 0 0 0 0 1 3 7 6 4 9 0 1 32 16 12 15 1 0
111 48 39 62 4 34 0 21 6 25 5 15 0 1 2 11 4 1 0 1 3 3 1 2 0 2 53 0 10 1 0 0 0 1 5 89 115 21 43 1 1 63 1 0 1 1 1 1 0 0 0 0 0 1 0 5 2 0 0 0 0 5 4 0 0 8 0 4 1 0 2 1 6 14 1 1 6 13 1 6 5 1 314 0 8 3 2 2 3 3 0 48 0 0 0 0 0 1 1 0 1 6 2 4 0 0 1 0 2 0 5 6 15 8 16 50 0 4 46 20 10 45 3 1
22 30 22 40 0 8 0 1 0 6 2 22 3 1 0 3 1 0 0 0 1 1 0 0 0 1 11 0 6 1 0 0 0 0 5 15 3 0 23 2 0 10 0 0 0 0 0 0 0 0 1 0 3 0 0 2 1 0 0 1 9 1 2 0 4 0 0 1 0 0 3 0 2 1 1 0 3 6 1 0 0 2 0 104 0 2 1 0 0 5 0 13 0 0 1 0 1 2 0 0 0 9 4 0 0 0 5 0 3 0 3 2 10 2 6 14 1 2 20 9 8 9 1 0
788 363 294 384 22 157 5 51 15 105 21 37 3 14 4 50 19 4 0 35 41 56 20 46 13 36 464 10 65 26 19 9 6 29 48 56 99 135 200 26 4 344 7 3 1 0 3 12 4 0 3 1 4 1 3 38 17 1 4 6 11 18 21 4 2 13 10 38 10 42 226 86 18 42 2 9 19 89 5 10 21 0 8 0 1788 28 4 11 17 57 4 76 8 3 11 44 13 5 104 1 6 29 150 47 0 11 25 1 18 3 84 82 242 112 99 502 10 38 413 161 122 418 84 2
316 657 401 996 59 204 2 33 9 51 11 49 2 9 1 56 5 2 3 41 21 17 14 36 9 11 353 10 94 8 8 11 1 7 68 30 102 60 653 34 1 127 6 2 1 9 7 8 1 0 6 2 2 2 1 36 9 4 1 1 3 13 8 3 5 39 1 140 23 14 30 115 23 57 4 8 34 69 5 13 4 1 3 2 28 2274 44 19 7 15 7 30 4 2 1 0 41 24 2 24 4 31 17 8 7 17 18 19 12 3 29 41 452 240 117 447 9 141 720 760 86 398 13 2
74 69 437 259 13 39 2 7 4 19 4 17 0 1 0 22 6 2 1 1 7 4 3 5 1 5 62 1 15 12 4 1 0 6 119 6 34 13 101 2 1 37 1 0 0 0 0 0 0 0 0 1 0 0 0 11 3 2 0 0 2 3 5 1 0 23 0 60 1 1 7 8 3 2 2 4 18 3 8 10 1 1 2 1 4 44 739 5 0 2 0 3 0 0 0 0 19 11 1 10 0 3 7 4 2 2 6 4 6 3 11 9 59 83 191 96 1 7 223 238 24 53 4 0
157 96 79 125 6 54 3 12 3 22 2 5 0 5 2 13 3 1 0 6 11 8 3 4 1 7 101 1 15 6 3 2 1 6 16 9 28 26 91 11 1 79 3 1 0 0 2 3 0 0 0 0 0 0 0 9 4 3 0 2 3 6 4 4 0 10 0 17 1 0 4 2 5 11 3 3 4 18 2 7 1 0 2 0 11 19 5 415 0 2 0 5 2 1 0 0 83 44 3 2 3 10 8 2 0 3 2 1 2 1 12 11 66 38 25 103 1 12 118 54 17 91 6 0
57 57 36 81 2 15 0 5 5 9 3 2 0 1 0 10 3 1 0 3 5 1 5 8 1 2 49 1 6 2 3 0 0 4 10 5 15 5 42 6 0 20 2 1 0 0 1 1 0 0 0 0 0 0 0 5 1 1 0 0 0 0 2 0 1 3 0 3 1 2 3 4 2 3 0 1 4 14 0 1 59 0 3 0 17 7 0 0 217 2 1 4 0 1 0 0 1 0 4 2 0 5 10 0 2 2 2 0 4 2 20 35 36 21 9 43 1 9 61 30 8 46 2 0
210 141 136 213 6 69 4 18 8 26 5 83 11 3 1 32 5 5 0 3 18 14 2 7 2 6 186 4 43 28 5 5 0 10 20 47 31 24 180 10 0 103 1 0 0 1 2 1 1 0 0 1 0 3 2 14 4 1 0 2 14 13 11 0 3 4 0 8 0 6 14 0 17 22 2 4 22 26 11 17 7 1 3 5 57 15 2 2 2 767 7 52 9 0 2 5 3 1 3 0 6 50 24 7 2 6 12 1 9 3 29 56 97 31 34 150 1 32 216 79 122 142 27 0
17 11 14 22 0 7 0 1 1 4 0 0 0 1 0 1 0 0 0 0 1 2 0 3 0 2 15 2 1 1 1 1 0 0 4 0 2 3 9 1 0 5 0 0 0 0 0 1 0 0 0 1 0 1 0 4 0 0 0 0 2 0 0 0 0 2 0 0 1 0 1 2 0 1 1 0 1 0 0 0 1 0 0 0 4 7 0 0 1 7 53 1 1 0 0 1 1 0 2 0 0 0 2 0 0 7 0 0 1 0 4 2 9 4 1 16 0 7 13 7 4 19 0 0
485 366 299 705 14 204 7 30 12 66 7 454 32 7 0 75 8 7 2 9 20 28 3 21 5 11 336 3 67 16 4 3 0 9 42 1229 149 31 598 11 3 183 8 2 4 1 9 6 2 0 5 2 3 5 5 31 10 1 4 2 25 13 15 4 4 24 0 53 4 10 25 29 113 135 12 20 83 160 39 71 4 35 48 13 76 30 3 5 4 52 1 2710 4 1 14 4 26 10 6 0 3 90 51 29 8 5 25 8 23 2 28 110 316 79 76 304 17 62 716 274 242 289 75 3
46 29 23 48 3 7 0 1 1 4 0 25 2 0 0 7 0 0 0 2 0 3 0 3 0 1 32 5 5 4 1 2 0 1 2 8 8 5 17 0 0 8 0 0 0 1 0 3 0 0 1 0 0 0 1 8 3 1 0 0 4 1 1 0 0 7 2 4 0 0 4 5 7 7 2 0 0 7 0 1 1 0 0 0 8 4 0 2 0 9 1 4 139 0 0 0 2 1 0 0 0 4 3 1 0 4 1 0 2 1 2 1 23 7 6 27 0 4 25 9 8 29 1 0
53 23 14 37 2 9 0 2 0 5 0 0 0 1 4 1 2 1 3 10 4 8 4 11 1 2 27 3 4 1 5 1 2 3 0 1 10 26 21 1 0 19 0 0 0 0 0 0 0 0 0 0 0 0 0 4 0 0 0 0 0 2 4 0 0 3 0 9 2 0 0 9 0 4 0 0 1 3 3 0 2 0 0 0 3 2 0 1 1 0 0 1 0 112 0 0 3 2 1 1 1 0 3 0 0 1 0 0 0 0 5 3 30 26 3 56 1 1 24 13 3 24 3 0
39 23 13 22 1 16 2 4 1 5 0 5 0 0 0 4 1 0 0 0 3 1 0 0 0 1 19 0 6 1 0 0 0 1 1 10 6 7 14 1 0 20 0 0 0 0 0 1 0 0 0 0 0 0 0 2 2 0 0 0 4 3 1 1 0 1 1 1 0 0 1 0 2 6 0 0 3 4 2 1 1 0 0 1 11 1 0 0 0 2 0 14 0 0 88 3 0 0 3 0 1 4 5 1 0 0 1 0 1 0 1 6 7 3 1 19 1 2 22 4 9 17 4 0
51 20 10 14 1 13 0 2 2 6 0 1 1 1 0 2 1 1 0 2 2 6 1 4 0 2 20 0 4 2 0 0 0 0 2 4 5 10 8 2 0 23 0 0 0 0 0 0 0 0 0 0 0 0 1 2 0 0 0 2 1 0 1 0 0 2 0 0 0 0 5 1 0 2 0 1 1 2 0 1 0 0 0 0 44 0 0 0 0 5 1 4 0 0 3 83 3 0 7 0 0 0 13 3 0 0 1 0 0 0 3 5 11 2 2 25 0 1 15 6 4 24 8 0
129 155 222 317 15 85 0 6 2 14 3 10 0 2 1 18 0 3 1 7 5 7 6 10 3 2 128 0 26 4 5 2 1 6 32 11 15 15 203 13 1 55 2 0 0 3 5 7 0 0 0 4 0 2 0 17 4 0 1 1 4 4 1 0 0 51 0 28 1 3 20 26 14 22 6 2 11 46 12 16 2 0 0 1 13 41 19 83 1 3 1 26 2 3 0 3 843 114 4 5 1 14 8 6 4 2 7 5 5 0 12 20 159 70 73 179 2 33 195 172 42 138 9 0
75 111 106 186 6 46 0 1 0 11 1 8 0 1 1 13 2 0 3 3 6 8 4 5 5 3 77 0 16 2 1 2 0 3 19 6 8 7 115 12 1 35 3 1 0 2 1 0 0 0 1 2 0 1 0 18 5 2 1 0 1 6 3 0 2 26 0 18 1 1 3 10 1 7 1 0 3 14 4 7 1 0 1 2 5 24 11 44 0 1 0 10 1 2 0 0 114 443 1 2 0 15 2 0 0 1 2 2 2 0 7 10 73 31 41 81 2 20 101 90 16 76 3 0
234 82 57 70 7 47 1 22 5 30 7 1 2 3 4 12 5 0 1 9 15 21 4 9 5 8 124 8 14 6 10 5 4 11 8 6 29 65 35 4 1 93 1 1 0 0 3 3 0 0 1 1 0 1 0 16 9 2 2 1 0 5 4 4 0 5 4 4 3 0 4 12 2 8 1 1 2 21 1 1 3 0 1 0 104 2 1 3 4 3 2 6 0 1 3 7 4 1 394 0 0 5 30 3 0 3 1 0 4 0 21 8 44 20 15 139 4 7 74 24 23 132 7 0
20 26 99 121 9 25 0 6 2 7 2 0 0 0 0 8 3 1 0 2 3 0 4 2 3 4 37 0 3 1 1 4 1 2 16 2 6 4 23 1 0 8 0 0 0 3 0 1 0 0 0 0 0 0 0 1 3 1 0 0 0 0 0 0 0 3 0 24 2 0 0 22 2 1 0 0 0 4 1 4 0 0 0 0 1 24 10 2 2 0 0 0 0 1 0 0 5 2 0 239 1 2 2 3 0 1 0 2 2 0 10 6 31 31 28 58 0 16 90 179 5 51 1 1
88 19 8 38 1 29 0 5 2 14 4 1 2 2 2 3 1 1 0 1 2 6 2 3 2 2 67 2 4 9 5 8 0 1 3 2 16 14 16 3 1 34 1 1 1 2 0 1 0 0 0 0 0 0 0 8 6 1 0 0 1 9 1 0 0 1 0 0 1 1 1 0 1 7 0 1 0 4 0 1 2 0 1 0 6 4 0 3 0 6 0 3 0 1 1 0 1 0 0 1 133 9 11 1 0 6 3 0 3 0 7 10 9 15 3 57 0 4 34 23 10 59 3 0
241 253 240 303 8 111 3 11 4 20 6 58 3 1 1 18 1 3 0 2 4 4 1 2 0 1 190 1 64 8 2 3 0 10 40 64 27 20 402 17 5 113 3 1 0 0 1 8 0 1 1 0 0 1 0 11 13 1 0 1 23 23 12 0 8 11 0 15 2 1 3 4 59 41 8 14 34 72 31 26 8 3 6 9 29 31 3 10 5 50 0 90 4 0 4 0 14 15 5 2 9 1261 13 6 0 3 2 3 2 1 33 81 179 45 75 145 6 33 330 131 163 170 13 1
681 306 275 387 37 114 3 39 23 72 15 47 6 12 4 50 21 3 2 54 88 146 16 61 6 45 377 10 42 29 8 4 3 19 54 43 118 120 223 11 1 325 2 0 0 1 1 3 2 0 1 2 1 3 1 104 24 4 6 20 9 20 50 18 0 30 14 29 2 7 24 33 13 43 5 6 13 84 7 12 14 3 2 4 150 17 7 8 10 24 2 51 3 3 5 13 8 2 30 2 11 13 1528 9 0 4 15 0 16 1 37 52 208 89 77 406 7 15 241 109 63 232 28 0
97 59 68 97 1 33 4 4 4 19 3 21 1 2 0 14 2 3 0 0 3 8 0 4 0 2 68 14 11 6 2 2 1 3 8 27 13 17 43 5 0 39 0 1 0 2 1 1 0 0 2 0 3 1 0 7 4 0 0 0 4 2 2 0 0 6 0 14 3 27 55 9 9 10 1 1 7 15 3 3 2 0 4 0 47 8 4 2 0 7 0 29 1 0 1 3 6 0 3 3 1 6 9 317 3 2 17 1 10 0 10 14 47 22 17 61 3 18 118 53 27 74 43 0
18 29 39 81 4 7 0 1 2 6 0 6 0 1 0 11 1 0 0 0 1 0 0 0 0 0 14 0 6 0 1 1 2 1 8 3 0 2 30 3 0 3 0 0 0 0 1 1 0 0 1 0 0 0 0 0 1 0 0 0 0 0 0 0 0 6 0 39 1 2 2 14 5 3 2 0 6 6 1 3 1 0 0 0 0 7 2 0 2 2 0 8 0 0 0 0 4 0 0 0 0 0 0 3 178 0 6 6 1 1 4 2 29 20 12 41 2 8 76 78 4 30 3 0
66 71 75 113 1 27 2 9 4 13 2 5 0 1 1 7 4 1 0 3 3 4 2 4 1 4 76 2 8 4 4 5 0 7 16 4 9 6 64 6 0 21 3 0 0 1 0 1 0 0 0 0 0 0 0 5 3 1 0 0 0 4 4 0 0 5 3 11 3 2 13 40 8 6 0 0 2 11 1 1 3 0 0 0 11 17 2 3 2 6 7 5 4 1 0 0 2 1 3 1 6 3 4 2 0 336 3 2 4 3 8 9 68 32 22 82 1 35 149 118 15 71 6 2
226 167 137 317 7 71 2 24 10 41 12 22 3 9 2 36 20 2 0 4 10 15 0 7 1 6 223 4 25 15 12 7 1 10 15 21 32 20 139 4 1 81 3 3 1 1 4 2 2 0 2 0 3 1 0 8 4 2 0 0 0 6 3 0 0 10 4 26 0 1 1 4 17 20 0 8 11 39 6 3 3 0 1 5 25 18 6 2 2 12 0 25 1 0 1 1 7 2 1 0 3 2 15 17 6 3 841 4 305 0 55 59 130 79 36 212 5 57 347 202 52 207 67 14
27 32 47 91 3 16 1 0 2 3 1 4 0 0 0 4 0 1 0 0 4 4 2 0 2 0 25 0 6 3 0 2 0 0 3 2 6 3 42 0 1 4 5 0 0 1 1 0 0 0 0 1 0 0 0 1 0 0 1 0 1 1 0 0 0 2 0 28 2 1 1 9 4 5 1 1 11 9 1 2 2 0 0 0 1 19 4 1 0 1 0 8 0 0 0 0 5 2 0 2 0 3 0 1 6 2 4 189 1 0 5 7 38 19 14 24 0 13 80 81 10 37 2 0
206 167 139 240 10 76 2 17 9 25 13 21 2 5 2 30 12 1 1 3 8 13 3 6 1 5 200 8 24 12 10 6 0 16 13 16 31 20 124 6 1 84 2 2 0 1 2 2 1 0 3 0 1 0 0 10 2 1 0 0 0 4 1 0 0 10 2 21 0 0 1 4 12 11 1 3 10 26 5 3 7 0 2 3 18 12 6 2 4 9 1 23 2 0 1 0 5 2 4 2 3 2 16 10 1 4 305 1 759 2 54 60 112 69 45 188 2 35 330 169 64 197 87 10
58 25 25 31 1 14 5 15 4 40 0 1 0 13 0 10 7 1 0 0 2 2 0 0 0 2 50 0 2 2 5 3 1 9 4 1 4 4 10 0 0 12 0 0 0 0 2 1 0 0 0 0 0 0 1 0 0 0 0 0 1 0 0 0 0 2 2 4 0 0 0 1 2 4 1 0 4 1 0 0 0 0 0 0 3 3 3 1 2 3 0 2 1 0 0 0 0 0 0 0 0 1 1 0 1 3 0 0 2 108 8 9 7 12 7 44 0 12 55 26 11 46 4 0
851 520 402 728 20 216 13 91 29 161 44 33 0 31 11 95 46 11 1 17 44 51 6 25 1 13 649 29 90 30 75 32 13 146 71 25 123 116 344 23 1 318 3 3 3 3 3 5 2 0 7 0 0 3 2 32 11 5 1 1 3 13 6 2 0 23 3 55 11 3 15 79 16 41 4 5 19 123 15 12 42 1 5 3 84 29 11 12 20 29 4 28 2 5 1 3 12 7 21 10 7 33 37 10 4 8 55 5 54 8 2210 397 324 165 108 575 9 122 1026 438 248 689 69 4
737 501 470 684 18 243 10 61 27 138 26 67 3 22 2 74 34 7 3 8 32 40 11 24 4 13 574 16 82 37 28 20 7 66 95 88 106 80 445 22 3 293 4 1 3 1 4 1 1 1 6 1 1 2 1 30 20 9 0 2 15 31 15 2 4 17 1 41 2 6 13 24 25 51 4 5 32 123 10 30 49 3 6 2 82 41 9 11 35 56 2 110 1 3 6 5 20 10 8 6 10 81 52 14 2 9 59 7 60 9 397 2282 304 128 138 442 14 107 1046 384 347 541 102 11
1832 4405 1030 3380 248 790 21 176 65 358 62 299 16 33 15 310 63 34 13 294 165 275 142 270 63 107 1134 34 679 60 96 46 18 96 161 223 514 477 5181 104 10 365 22 10 13 7 23 28 7 3 23 14 10 8 8 347 77 45 30 18 37 105 120 9 17 252 15 629 127 88 314 876 194 296 22 35 154 300 33 71 53 7 15 10 242 452 59 66 36 97 9 316 23 30 7 11 159 73 44 31 9 179 208 47 29 68 130 38 112 7 324 304 11327 996 170 1855 36 360 3420 2272 582 1164 136 6
1801 1388 1821 2749 176 542 22 166 47 302 60 133 4 51 19 231 51 19 12 146 137 147 63 154 26 83 1173 34 160 38 69 45 13 68 311 62 423 334 937 69 11 659 18 8 2 3 10 19 3 3 10 5 10 10 7 176 34 17 8 3 12 39 27 8 4 130 7 632 52 34 99 440 75 149 23 26 118 184 76 154 22 6 8 2 112 240 83 38 21 31 4 79 7 26 3 2 70 31 20 31 15 45 89 22 20 32 79 19 69 12 165 128 996 7544 564 1709 17 270 2477 2031 223 1209 47 0
343 125 5040 579 140 323 12 70 30 166 56 165 9 10 7 151 35 18 2 73 72 90 86 100 21 56 165 15 29 92 21 11 6 41 775 68 197 187 506 21 24 176 6 0 1 0 0 0 1 0 0 1 0 1 3 149 54 21 7 7 19 58 33 3 10 111 4 233 52 34 80 282 0 6 23 16 51 3 154 109 15 4 16 6 99 117 191 25 9 34 1 76 6 3 1 2 73 41 15 28 3 75 77 17 12 22 36 14 45 7 108 138 170 564 5463 185 6 167 1497 1352 227 175 60 2
7428 2313 1207 9128 439 1532 70 598 201 1001 195 313 18 180 62 503 204 56 27 462 364 617 160 467 110 206 6713 98 347 130 249 106 45 229 238 289 1281 1344 2150 285 13 2089 45 21 17 13 43 51 13 0 23 12 24 24 8 694 120 51 38 38 43 141 187 22 17 406 51 811 148 91 332 1135 286 404 34 51 243 642 64 165 73 9 50 14 502 447 96 103 43 150 16 304 27 56 19 25 179 81 139 58 57 145 406 61 41 82 212 24 188 44 575 442 1855 1709 185 17122 58 582 5128 3377 790 5850 211 18
77 42 5 109 17 35 1 6 5 14 2 3 1 0 0 22 1 0 1 9 8 9 4 9 3 4 43 1 4 6 1 0 0 5 2 16 13 21 42 6 0 28 0 0 0 0 0 0 0 0 0 0 1 0 0 8 3 0 1 0 1 6 2 0 1 7 2 19 6 3 5 19 0 1 0 1 1 215 2 0 4 0 0 1 10 9 1 1 1 1 0 17 0 1 1 0 2 2 4 0 0 6 7 3 2 1 5 0 2 0 9 14 36 17 6 58 396 16 110 64 18 43 5 0
474 462 722 1251 29 326 8 52 15 99 20 37 3 7 2 80 12 8 1 14 32 22 11 21 9 6 646 25 101 27 29 30 4 44 101 41 71 54 523 24 5 152 18 9 6 10 9 16 6 0 9 8 7 7 1 32 9 3 0 2 8 13 0 3 2 33 2 83 30 7 26 177 45 49 10 5 52 107 21 52 8 1 4 2 38 141 7 12 9 32 7 62 4 1 2 1 33 20 7 16 4 33 15 18 8 35 57 13 35 12 122 107 360 270 167 582 16 2870 1546 1159 217 933 33 8
6211 5119 5029 9412 271 1967 99 598 201 1125 203 713 39 144 39 839 204 75 18 151 251 286 84 208 47 115 5135 122 859 245 284 162 52 383 953 551 1225 954 4790 240 39 2250 61 12 18 20 48 51 14 4 41 29 32 32 12 410 97 22 10 7 70 127 72 20 19 295 19 1180 104 73 221 1072 419 476 40 96 449 1236 189 250 115 32 46 20 413 720 223 118 61 216 13 716 25 24 22 15 195 101 74 90 34 330 241 118 76 149 347 80 330 55 1026 1046 3420 2477 1497 5128 110 1546 24674 8332 2167 5624 386 28
